-1
-1
-1
-1
0.589277
0.000423
0.000426
-1
-1
-1
0.129104
0.490407
0.129104
0.255067
0.799261
0.392197
-1
0.355588
0.029692
0.004353
0.029742
0.104561333333333
0.104561333333333
0.019160
-1
0.004970
0.004970
0.054969
0.007032
0.003803
0.054691
0.008359
0.008359
0.002242
0.001784
0.091792
0.240429
6.1e-05
0.001025
0.316547
0.812512
0.812512
-1
0.000445
0.003527
0.001041
0.005350
-1
0.095253
0.095253
0.519859
0.409792
0
0.005813
-1
0.052905
0.137737
0.106349
0.031561
0.113629
0.016949
0.052905
0.052905
0.137737
0.137737
0.539813
0.336734
0.336734
-1
-1
0.129104
0.490407
0.129104
0.654179
0.492621
0.0479795
0.132119
0.583107
0.017181
0.014624
0.010311
0.150632
-1
0.372752
0.037211
0.106349
-1
0.052905
0.107810
0.530787
0
0.702547
0.018568
0.04820625
0.018568
0.014794
0.204143
0.001231
0.013526
0.000804
0.002783
0.0121233333333333
0.0121233333333333
0.338722
0.025505
0.074445
0.550462
-1
0.014504
0.015477
-1
0.141118
0.128127
0.020911
-1
-1
0.093494
0.5250485
0.000146
0.000418
0.366864
0.366864
0.15052
-1
-1
0.15052
0.15052
0.366864
0.15052
0.366864
0.15052
0.366864
0.15052
0.366864
0.15052
0.366864
0.15052
0.366864
0.366864
0.15052
0.366864
0.366864
0.15052
0.366864
0.005233
-1
-1
0.861295
0.861295
0.861295
0.005233
0.861295
0.005233
0.861295
0.005233
0.861295
0.005233
0.861295
0.005233
0.005233
0.5250485
0.5250485
0.5250485
0.5250485
0.5250485
0.5250485
0.5250485
0.5250485
-1
-1
-1
-1
0.145174
0.5250485
0.417359
0.116134
0.116134
0.000418
0.000418
0.000418
0.000418
0.000418
0.000418
-1
-1
-1
-1
-1
-1
-1
-1
-1
-1
-1
0.000418
0.000418
0.000418
0.000418
0.000418
0.000418
-1
-1
-1
-1
-1
-1
0.000146
0.000146
0.000146
0.000146
0.000146
0.000146
0.777121
0.084529
-1
0.246544
0.663743
0.407696
0.441046
0.663743
0.441046
0.276283
0.382748
0.663743
0.441046
-1
-1
-1
0.276283
0.037497
-1
0.185679
0.276283
0.276283
-1
0.403002
0.403002
-1
0.041654
0.469110
-1
0.625386
0.240405
0.124745
0.319443
-1
0.011188
0.000008
0.000029
0.003237
0.003237
0.108234
0.003237
0.066208
0.000008
0.003237
0.000048
0.003237
0.003237
0.000000
-1
0.036344
0.014589
0.052905
0.042318
-1
0.286386
0.147498
0.001909
0.006177
0.000423
0.702061
0.042318
0.019511
0.017703
0.144740
0.599254
-1
-1
0.322841
0.016412
0.603276
-1
0.009069
0.584427
0.003015
0.218189
0.023258
0.140648
0.284912
-1
0
0.078188
0.594650
0.251616
0.296626
0.488981
0.377596
0.377596
0
0.0295835
0.397477
0.584968
0.0295835
0.0295835
0.0295835
0.0295835
0.0295835
0.0295835
0.307390
0.002054
0.648080
0.66988
0.9885
0.607908
0.666810
0.6542105
0.6542105
0.6542105
0.09866
0.0121233333333333
0.772444
0.772444
0.776057
0.003613
1.253474
0.666810
0.666810
0.656928
0.656928
0.656928
0.813638
0.642537
-1
-1
1.273866
1.273866
0.250039
1.2764815
0.146907
0.003486
2.032719
0.501593
0.251651
0.251651
0.000000
0.363255
0.296809
0.567308
0.567308
0.128753
0.251651
0.425511
0.593574
0.003929
0.001723
-1
0.017999
0
0.321654
-1
0.107801
-1
-1
0.107801
-1
0.536834
0.009552
0.570225
-1
0.246747
0.381461
0.046839
0.046839
0.519941
0.027246
0.027246
0.025109
0.025109
0.471453
0.471453
0.011405
0.011405
0.471453
0.330983
0.330983
0.290840
0.290840
-1
-1
-1
-1
0.237095
0.237095
-1
0.207294
-1
0.125177
0.612087
0.612087
0.612087
0.612087
-1
-1
-1
-1
0.353459
0.3591985
0.353459
0.3591985
0.353459
0.3591985
0.58797
0.599449
-1
0.027246
0.027246
0.027246
0.027246
0.027246
0.027246
0.027246
-1
-1
-1
-1
-1
-1
-1
-1
-1
-1
-1
-1
-1
0.037994
0.037994
0.037994
0.037994
0.037994
0.037994
0.037994
0.037994
0.037994
-1
-1
-1
-1
0.701850
-1
0.065440
0.255623
0.019446
0.552865
-1
0.564043
-1
-1
0.535951
-1
-1
0.306293
0.637238
0.065440
0.468668
0.030032
0.541974
0.030032
0.541974
0.030032
0.541974
0.564043
0.564043
0.701850
0.805609
0.207294
0.207294
-1
0.323114
0.008608
0.195774
0.307501
0.209498
0.061296
0.092978
-1
0.323967
-1
0.04820625
0.04820625
0.431065
0.420596
0.323751
0.092978
0.056512
0.024339
0.000184
0.042023
0.042023
0.138110
-1
0.0810448
0.142880545454545
0.0359776923076923
0.150349577777778
0.0359776923076923
-1
-1
-1
-1
0.238437
0.480336
0.347409
0.416698
0.204469
-1
-1
0.029650
0.752262
-1
0.135733
0.028458
0.601867
0.601867
0.487853
0.480502
0.366002
0.101333
0.481959
0.481959
0.644544
0.412952
-1
0.102121
0.101333
0.082646
0.082646
0.233571
0.031651
0.233571
0.017012
0.367917
0.240878
0.45143
0.316119
0.151451
0.056647
-1
-1
0.087068
0.385461
-1
0.000073
0.439619
0.017012
0.225091
-1
-1
0.239571
0.036586
0.246801
0.246801
0.225091
0.338379
0.157878
0.055247
0.039609
0.175966
0.475726
-1
0.321628
0.079290
0.019443
0.101528
0.493335
0.483773
0.108466
0.949131
0.362408
1.527869
0.535951
0.535951
0.551333
0.050845
0.293830
0.126808
0.027246
-1
0.653888
0.658415
-1
-1
0.151400
0.151400
0.151400
0.151400
0.159489
0.578529
0.325639
1.48914
0.949262
0.649613
0.548653
0.340786
0.340786
0.474597
0.389496
0.027246
-1
0.492621
0.529682
0.555536
0.555536
0.340786
0.552865
0.019446
0.723901
0.723901
0.325047
0.550462
0.550462
0.104317
0.492621
-1
0.256025
0.412964
0.949262
0.547478
0.761285
0.761285
0.061117
0.123564
0.123564
-1
-1
-1
0.123564
0.123564
0.251616
-1
1.6953
0.309443
-1
0.187365
1.469168
0.000178
0.000178
0.500952
0.003740
-1
0.561979
-1
0.162183
0.176717
0.504432
0.702226
0.896301
0.133760
0.603276
0.039319
0.308591
0.145445
0.145445
-1
0.041549
-1
0.076430
0.197142
-1
0.197142
0.000000
0.089476
0.132065
0.132065
0.183032
0.306224
0.306224
0.163634
0.089476
0.19119
0.19119
0.19119
0.19119
0.19119
0.19119
0.423885
0.423885
0.423885
0.423885
0.423885
0.423885
0.219791
0.219791
0.219791
0.219791
0.219791
0.219791
0.100789
0.100789
-1
-1
0.100789
0.100789
-1
-1
0.163634
0.163634
0.106460
0.635802
0.199975
0.315707
0.753944
0.220381
0.320327
0.384054
0.384054
0.384054
0.384054
0.450988
0.686835
0.428263
0.217987
0.217987
0.585793
0.488629
0.350464
0.488629
-1
0.499575
0.769537
0.171924
0.171924
-1
-1
0.400608
0.400608
0.271405
0.754581
0.483801
0.049848
-1
-1
0.631232
0.631232
-1
-1
-1
-1
-1
0.241847
0.392107
0.049848
-1
-1
-1
0.500062
0.415870
0.078188
0.295013
0.034450
0.471265
-1
-1
0.198709
0.617343
0.332775
0.465719
-1
0.132458
0.132458
0.500062
-1
-1
-1
-1
-1
-1
-1
-1
-1
-1
-1
-1
-1
-1
-1
0.539401
0.276634
-1
0.181953
0.985087
-1
0.931846
-1
-1
0.2212
0
-1
-1
-1
-1
-1
-1
0
0.229901
-1
-1
-1
-1
0.003137
-1
0.001173
-1
0
0.911604
0.002433
-1
0.075945
-1
-1
-1
-1
-1
0
-1
0.011099
0.695513
-1
2.714062
-1
0
0.362959
0.632704
0.003137
-1
-1
0.156803
0.539401
-1
0.654541
-1
-1
-1
1.133269
-1
-1
0.51513
0.129810
0.136598
0.215988
2.714146
-1
-1
0.043799
-1
2.714062
-1
-1
-1
-1
-1
-1
-1
-1
-1
-1
-1
1.025149
1.133269
0.002559
-1
-1
0.068191
0.201229
0
0.083357
0.215988
0.079266
-1
-1
0.120232
-1
-1
0.568371
-1
-1
-1
1.133269
0.081214
-1
0.009353
-1
-1
0.009353
-1
-1
-1
-1
-1
-1
-1
-1
-1
0.002025
0.256179
-1
-1
-1
-1
-1
-1
-1
-1
0.069856
0.154500
-1
-1
-1
-1
-1
-1
0.411501
0.142741
-1
0.640959
-1
-1
-1
-1
-1
0.256179
-1
-1
-1
-1
-1
-1
-1
-1
-1
-1
-1
-1
-1
0.164192
-1
0.229862
-1
-1
-1
-1
-1
-1
-1
-1
-1
-1
-1
0.256179
-1
-1
-1
-1
-1
-1
0.000132
-1
-1
0.375368
0.375368
0.375368
1.062625
-1
-1
-1
-1
-1
-1
-1
-1
-1
-1
-1
-1
-1
-1
-1
-1
-1
-1
-1
-1
-1
-1
-1
-1
-1
-1
-1
-1
-1
-1
-1
-1
-1
-1
-1
-1
-1
-1
-1
-1
-1
-1
-1
-1
-1
-1
-1
-1
-1
-1
-1
-1
-1
-1
-1
-1
-1
-1
-1
-1
-1
-1
0
0
0
-1
0
-1
0
-1
0
-1
0
-1
-1
-1
-1
-1
-1
-1
-1
-1
-1
-1
-1
-1
-1
-1
-1
-1
-1
-1
-1
-1
-1
-1
-1
-1
0.129104
0.490407
0.356346
0.129104
0.141574
-1
0.359194
0.007854
-1
0.467281
0.467281
0.467281
0.056595
0.243405
0.117791
-1
-1
-1
-1
0
0.017197
-1
-1
0.041629
0.074361
-1
0.243335
0.074361
-1
-1
-1
-1
0.467281
0.467281
0.203909
0.691398
0.470099
0.599046
0.000128
0.002139
0.283383
0.003037
0.003037
-1
0.000853
0.663728
0.000853
0.323967
0.663728
0.000853
0.03397
0.057028
-1
-1
-1
0.040384
0.504248
0.040384
-1
-1
0.504248
0.040384
0.416698
0.416698
0.221600
0.2216
0.328716
0.328716
0.000000
-1
-1
0.504248
0.040384
0.571595
0.571595
0.2740995
0.2740995
-1
-1
0.021786
